%YAML:1.0
intri_front: !!opencv-matrix
   rows: 3
   cols: 3
   dt: d
   data: [ 1.9045494091490920e+002, 0., 3.0770542690260243e+002, 0.,
       1.9028047059773510e+002, 2.4641208795590208e+002, 0., 0., 1. ]
intri_back: !!opencv-matrix
   rows: 3
   cols: 3
   dt: d
   data: [ 1.9196726012710548e+002, 0., 3.2719642704107389e+002, 0.,
       1.9228001725020920e+002, 2.4392994845425937e+002, 0., 0., 1. ]
intri_left: !!opencv-matrix
   rows: 3
   cols: 3
   dt: d
   data: [ 1.9703299999999999e+002, 0., 3.2653399999999999e+002, 0.,
       1.9709100000000001e+002, 2.5214599999999999e+002, 0., 0., 1. ]
intri_right: !!opencv-matrix
   rows: 3
   cols: 3
   dt: d
   data: [ 1.8911531383200219e+002, 0., 3.0772251526847265e+002, 0.,
       1.8924514687713051e+002, 2.5484737224353222e+002, 0., 0., 1. ]
distort_front: !!opencv-matrix
   rows: 4
   cols: 1
   dt: d
   data: [ -5.7349301100102033e-003, 6.4057383412182756e-002,
       -3.4397597125436719e-002, 5.8945826956866045e-003 ]
distort_back: !!opencv-matrix
   rows: 4
   cols: 1
   dt: d
   data: [ 2.2359868703114984e-002, 1.3885622438071989e-002,
       -5.2499940638521460e-004, -2.1419687847678234e-003 ]
distort_left: !!opencv-matrix
   rows: 4
   cols: 1
   dt: d
   data: [ 3.8376100000000003e-002, -5.4544600000000004e-003,
       1.2409000000000000e-002, -5.1952400000000003e-003 ]
distort_right: !!opencv-matrix
   rows: 4
   cols: 1
   dt: d
   data: [ 3.1094006283337954e-002, 1.2563814016629203e-002,
       -6.4692188844887510e-003, 1.1762033681317536e-003 ]
Homography_front: !!opencv-matrix
   rows: 3
   cols: 3
   dt: d
   data: [ -2.5526530574974371e-001, -1.5338970677385362e+000,
       6.3381215725705749e+002, 2.1479382693077404e-003,
       -7.4585556943442965e-001, 2.7044419777893324e+002,
       -7.4618241794354308e-006, -3.0346227418694312e-003, 1. ]
Homography_back: !!opencv-matrix
   rows: 3
   cols: 3
   dt: d
   data: [ 1.9967871752466282e-001, -1.4488225626188640e+000,
       3.9979201108783349e+002, -3.7385666055456557e-003,
       -1.6967028273260016e+000, 5.6880601426983390e+002,
       -8.0940496591467770e-006, -2.8799363275021053e-003, 1. ]
Homography_left: !!opencv-matrix
   rows: 3
   cols: 3
   dt: d
   data: [ -4.1905090999410005e-002, -1.2592175185010650e+000,
       4.7008854432552243e+002, 2.4875105067713635e-001,
       -1.0653668296360990e+000, 2.3151996077426995e+002,
       -7.5627245855201214e-005, -2.8672335002970662e-003, 1. ]
Homography_right: !!opencv-matrix
   rows: 3
   cols: 3
   dt: d
   data: [ 8.9494432319187786e-002, -1.8038134543381223e+000,
       5.2489358683557009e+002, -2.6768573438865123e-001,
       -1.2074293294213310e+000, 5.4081399332145088e+002,
       1.5813496420884305e-004, -3.2258059042621105e-003, 1. ]
