%YAML:1.0
Homography_cam1: !!opencv-matrix
   rows: 3
   cols: 3
   dt: d
   data: [ -2.5153907712998046e-003, 8.6442225259094078e-004,
       1.0566134613563654e+000, 5.0003215347297399e-004,
       -2.4244097047769913e-003, -2.9338702431624459e+000,
       5.4991334287658904e-005, -2.0810800925665411e-003, 1. ]
Homography_cam2: !!opencv-matrix
   rows: 3
   cols: 3
   dt: d
   data: [ -2.9793481687467645e-003, 2.1219014489580049e-005,
       1.8606747737884386e+000, -3.7671303320690544e-005,
       -1.2271351424444261e-003, -4.2077841299932466e+000,
       6.4199926664186120e-006, -2.2393680841638884e-003, 1. ]
