test_iter: 9
test_interval: 57
base_lr: 2.49999993684e-05
display: 7
max_iter: 1710000
lr_policy: "exp"
gamma: 0.999998807907
momentum: 0.899999976158
weight_decay: 2.49999999369e-07
snapshot: 5700
snapshot_prefix: "snapshot"
solver_mode: GPU
net: "train_val.prototxt"
solver_type: ADAM
